%YAML:1.0
vectorSize: 119
points_pos_x_0: 35460
points_pos_y_0: -298
points_ver_x_0: 60
points_ver_y_0: 495
points_pos_x_1: 35729
points_pos_y_1: -298
points_ver_x_1: 120
points_ver_y_1: 495
points_pos_x_2: 374
points_pos_y_2: -379
points_ver_x_2: 240
points_ver_y_2: 495
points_pos_x_3: 1029
points_pos_y_3: -444
points_ver_x_3: 360
points_ver_y_3: 495
points_pos_x_4: 1650
points_pos_y_4: -524
points_ver_x_4: 480
points_ver_y_4: 495
points_pos_x_5: 2303
points_pos_y_5: -564
points_ver_x_5: 600
points_ver_y_5: 495
points_pos_x_6: 2906
points_pos_y_6: -684
points_ver_x_6: 720
points_ver_y_6: 495
points_pos_x_7: 3583
points_pos_y_7: -684
points_ver_x_7: 840
points_ver_y_7: 495
points_pos_x_8: 4156
points_pos_y_8: -715
points_ver_x_8: 960
points_ver_y_8: 495
points_pos_x_9: 4786
points_pos_y_9: -779
points_ver_x_9: 1080
points_ver_y_9: 495
points_pos_x_10: 5433
points_pos_y_10: -740
points_ver_x_10: 1200
points_ver_y_10: 495
points_pos_x_11: 6005
points_pos_y_11: -658
points_ver_x_11: 1320
points_ver_y_11: 495
points_pos_x_12: 6675
points_pos_y_12: -658
points_ver_x_12: 1440
points_ver_y_12: 495
points_pos_x_13: 7310
points_pos_y_13: -744
points_ver_x_13: 1560
points_ver_y_13: 495
points_pos_x_14: 8047
points_pos_y_14: -755
points_ver_x_14: 1680
points_ver_y_14: 495
points_pos_x_15: 8666
points_pos_y_15: -713
points_ver_x_15: 1800
points_ver_y_15: 495
points_pos_x_16: 8989
points_pos_y_16: -713
points_ver_x_16: 1860
points_ver_y_16: 495
points_pos_x_17: 35429
points_pos_y_17: 90
points_ver_x_17: 60
points_ver_y_17: 585
points_pos_x_18: 35713
points_pos_y_18: 90
points_ver_x_18: 120
points_ver_y_18: 585
points_pos_x_19: 372
points_pos_y_19: 18
points_ver_x_19: 240
points_ver_y_19: 585
points_pos_x_20: 1006
points_pos_y_20: -40
points_ver_x_20: 360
points_ver_y_20: 585
points_pos_x_21: 1605
points_pos_y_21: -83
points_ver_x_21: 480
points_ver_y_21: 585
points_pos_x_22: 2286
points_pos_y_22: -122
points_ver_x_22: 600
points_ver_y_22: 585
points_pos_x_23: 2919
points_pos_y_23: -153
points_ver_x_23: 720
points_ver_y_23: 585
points_pos_x_24: 3516
points_pos_y_24: -180
points_ver_x_24: 840
points_ver_y_24: 585
points_pos_x_25: 4172
points_pos_y_25: -286
points_ver_x_25: 960
points_ver_y_25: 585
points_pos_x_26: 4804
points_pos_y_26: -355
points_ver_x_26: 1080
points_ver_y_26: 585
points_pos_x_27: 5425
points_pos_y_27: -185
points_ver_x_27: 1200
points_ver_y_27: 585
points_pos_x_28: 6033
points_pos_y_28: -185
points_ver_x_28: 1320
points_ver_y_28: 585
points_pos_x_29: 6709
points_pos_y_29: -216
points_ver_x_29: 1440
points_ver_y_29: 585
points_pos_x_30: 7310
points_pos_y_30: -291
points_ver_x_30: 1560
points_ver_y_30: 585
points_pos_x_31: 8113
points_pos_y_31: -342
points_ver_x_31: 1680
points_ver_y_31: 585
points_pos_x_32: 8696
points_pos_y_32: -342
points_ver_x_32: 1800
points_ver_y_32: 585
points_pos_x_33: 8989
points_pos_y_33: -342
points_ver_x_33: 1860
points_ver_y_33: 585
points_pos_x_34: 35375
points_pos_y_34: 626
points_ver_x_34: 60
points_ver_y_34: 675
points_pos_x_35: 35743
points_pos_y_35: 604
points_ver_x_35: 120
points_ver_y_35: 675
points_pos_x_36: 389
points_pos_y_36: 555
points_ver_x_36: 240
points_ver_y_36: 675
points_pos_x_37: 1015
points_pos_y_37: 513
points_ver_x_37: 360
points_ver_y_37: 675
points_pos_x_38: 1699
points_pos_y_38: 444
points_ver_x_38: 480
points_ver_y_38: 675
points_pos_x_39: 2296
points_pos_y_39: 412
points_ver_x_39: 600
points_ver_y_39: 675
points_pos_x_40: 2929
points_pos_y_40: 309
points_ver_x_40: 720
points_ver_y_40: 675
points_pos_x_41: 3526
points_pos_y_41: 309
points_ver_x_41: 840
points_ver_y_41: 675
points_pos_x_42: 4229
points_pos_y_42: 238
points_ver_x_42: 960
points_ver_y_42: 675
points_pos_x_43: 4874
points_pos_y_43: 184
points_ver_x_43: 1080
points_ver_y_43: 675
points_pos_x_44: 5488
points_pos_y_44: 140
points_ver_x_44: 1200
points_ver_y_44: 675
points_pos_x_45: 6073
points_pos_y_45: -72
points_ver_x_45: 1320
points_ver_y_45: 675
points_pos_x_46: 6708
points_pos_y_46: -123
points_ver_x_46: 1440
points_ver_y_46: 675
points_pos_x_47: 7364
points_pos_y_47: -161
points_ver_x_47: 1560
points_ver_y_47: 675
points_pos_x_48: 7881
points_pos_y_48: 166
points_ver_x_48: 1680
points_ver_y_48: 675
points_pos_x_49: 8489
points_pos_y_49: 19
points_ver_x_49: 1800
points_ver_y_49: 675
points_pos_x_50: 8946
points_pos_y_50: 19
points_ver_x_50: 1860
points_ver_y_50: 675
points_pos_x_51: 35418
points_pos_y_51: 1004
points_ver_x_51: 60
points_ver_y_51: 765
points_pos_x_52: 35766
points_pos_y_52: 1004
points_ver_x_52: 120
points_ver_y_52: 765
points_pos_x_53: 420
points_pos_y_53: 962
points_ver_x_53: 240
points_ver_y_53: 765
points_pos_x_54: 1078
points_pos_y_54: 920
points_ver_x_54: 360
points_ver_y_54: 765
points_pos_x_55: 1725
points_pos_y_55: 867
points_ver_x_55: 480
points_ver_y_55: 765
points_pos_x_56: 2385
points_pos_y_56: 813
points_ver_x_56: 600
points_ver_y_56: 765
points_pos_x_57: 2996
points_pos_y_57: 791
points_ver_x_57: 720
points_ver_y_57: 765
points_pos_x_58: 3652
points_pos_y_58: 711
points_ver_x_58: 840
points_ver_y_58: 765
points_pos_x_59: 4280
points_pos_y_59: 668
points_ver_x_59: 960
points_ver_y_59: 765
points_pos_x_60: 4912
points_pos_y_60: 615
points_ver_x_60: 1080
points_ver_y_60: 765
points_pos_x_61: 5543
points_pos_y_61: 556
points_ver_x_61: 1200
points_ver_y_61: 765
points_pos_x_62: 6165
points_pos_y_62: 755
points_ver_x_62: 1320
points_ver_y_62: 765
points_pos_x_63: 6759
points_pos_y_63: 702
points_ver_x_63: 1440
points_ver_y_63: 765
points_pos_x_64: 7368
points_pos_y_64: 572
points_ver_x_64: 1560
points_ver_y_64: 765
points_pos_x_65: 8002
points_pos_y_65: 602
points_ver_x_65: 1680
points_ver_y_65: 765
points_pos_x_66: 8623
points_pos_y_66: 522
points_ver_x_66: 1800
points_ver_y_66: 765
points_pos_x_67: 8946
points_pos_y_67: 538
points_ver_x_67: 1860
points_ver_y_67: 765
points_pos_x_68: 35375
points_pos_y_68: 1451
points_ver_x_68: 60
points_ver_y_68: 855
points_pos_x_69: 35748
points_pos_y_69: 1424
points_ver_x_69: 120
points_ver_y_69: 855
points_pos_x_70: 421
points_pos_y_70: 1424
points_ver_x_70: 240
points_ver_y_70: 855
points_pos_x_71: 1041
points_pos_y_71: 1424
points_ver_x_71: 360
points_ver_y_71: 855
points_pos_x_72: 1724
points_pos_y_72: 1424
points_ver_x_72: 480
points_ver_y_72: 855
points_pos_x_73: 2361
points_pos_y_73: 1364
points_ver_x_73: 600
points_ver_y_73: 855
points_pos_x_74: 2990
points_pos_y_74: 1310
points_ver_x_74: 720
points_ver_y_74: 855
points_pos_x_75: 3620
points_pos_y_75: 1272
points_ver_x_75: 840
points_ver_y_75: 855
points_pos_x_76: 4313
points_pos_y_76: 1206
points_ver_x_76: 960
points_ver_y_76: 855
points_pos_x_77: 4985
points_pos_y_77: 1206
points_ver_x_77: 1080
points_ver_y_77: 855
points_pos_x_78: 5580
points_pos_y_78: 1104
points_ver_x_78: 1200
points_ver_y_78: 855
points_pos_x_79: 6217
points_pos_y_79: 1242
points_ver_x_79: 1320
points_ver_y_79: 855
points_pos_x_80: 6826
points_pos_y_80: 1162
points_ver_x_80: 1440
points_ver_y_80: 855
points_pos_x_81: 7511
points_pos_y_81: 1069
points_ver_x_81: 1560
points_ver_y_81: 855
points_pos_x_82: 8038
points_pos_y_82: 878
points_ver_x_82: 1680
points_ver_y_82: 855
points_pos_x_83: 8610
points_pos_y_83: 659
points_ver_x_83: 1800
points_ver_y_83: 855
points_pos_x_84: 8965
points_pos_y_84: 577
points_ver_x_84: 1860
points_ver_y_84: 855
points_pos_x_85: 35375
points_pos_y_85: 1885
points_ver_x_85: 60
points_ver_y_85: 945
points_pos_x_86: 35681
points_pos_y_86: 1918
points_ver_x_86: 120
points_ver_y_86: 945
points_pos_x_87: 358
points_pos_y_87: 1954
points_ver_x_87: 240
points_ver_y_87: 945
points_pos_x_88: 1067
points_pos_y_88: 1878
points_ver_x_88: 360
points_ver_y_88: 945
points_pos_x_89: 1725
points_pos_y_89: 1878
points_ver_x_89: 480
points_ver_y_89: 945
points_pos_x_90: 2371
points_pos_y_90: 1846
points_ver_x_90: 600
points_ver_y_90: 945
points_pos_x_91: 3001
points_pos_y_91: 1967
points_ver_x_91: 720
points_ver_y_91: 945
points_pos_x_92: 3632
points_pos_y_92: 1832
points_ver_x_92: 840
points_ver_y_92: 945
