%YAML:1.0
inPointx: 1150
inPointy: 260
