%YAML:1.0
cfg_avt_0: 0.28
cfg_avt_1: 0.38
cfg_avt_2: 0.0125
cfg_avt_3: 80
cfg_avt_4: 12000
cfg_avt_5: 10
cfg_avt_6: 1
cfg_avt_7: 3.0
cfg_avt_8: 0
cfg_avt_9: 25
cfg_avt_10: 20
cfg_avt_11: 15
cfg_avt_12: 15
cfg_avt_13: 650
cfg_avt_14: 400

