%YAML:1.0
vectorSize: 66
points_pos_x_0: 0
points_pos_y_0: 0
points_ver_x_0: 120
points_ver_y_0: 45
points_pos_x_1: 0
points_pos_y_1: 0
points_ver_x_1: 600
points_ver_y_1: 45
points_pos_x_2: 0
points_pos_y_2: 0
points_ver_x_2: 840
points_ver_y_2: 45
points_pos_x_3: 13754
points_pos_y_3: -316
points_ver_x_3: 1080
points_ver_y_3: 45
points_pos_x_4: 14349
points_pos_y_4: -288
points_ver_x_4: 1200
points_ver_y_4: 45
points_pos_x_5: 15602
points_pos_y_5: -248
points_ver_x_5: 1440
points_ver_y_5: 45
points_pos_x_6: 17641
points_pos_y_6: -298
points_ver_x_6: 1860
points_ver_y_6: 45
points_pos_x_7: 11302
points_pos_y_7: -216
points_ver_x_7: 600
points_ver_y_7: 135
points_pos_x_8: 17768
points_pos_y_8: 91
points_ver_x_8: 1860
points_ver_y_8: 135
points_pos_x_9: 11313
points_pos_y_9: 204
points_ver_x_9: 600
points_ver_y_9: 225
points_pos_x_10: 14364
points_pos_y_10: 616
points_ver_x_10: 1200
points_ver_y_10: 225
points_pos_x_11: 0
points_pos_y_11: 0
points_ver_x_11: 120
points_ver_y_11: 315
points_pos_x_12: 0
points_pos_y_12: 0
points_ver_x_12: 240
points_ver_y_12: 315
points_pos_x_13: 9909
points_pos_y_13: 293
points_ver_x_13: 360
points_ver_y_13: 315
points_pos_x_14: 0
points_pos_y_14: 0
points_ver_x_14: 1860
points_ver_y_14: 315
points_pos_x_15: 9821
points_pos_y_15: 1059
points_ver_x_15: 360
points_ver_y_15: 495
points_pos_x_16: 11076
points_pos_y_16: 1466
points_ver_x_16: 600
points_ver_y_16: 495
points_pos_x_17: 11704
points_pos_y_17: 1611
points_ver_x_17: 720
points_ver_y_17: 495
points_pos_x_18: 0
points_pos_y_18: 0
points_ver_x_18: 1860
points_ver_y_18: 495
points_pos_x_19: 10263
points_pos_y_19: 1695
points_ver_x_19: 480
points_ver_y_19: 585
points_pos_x_20: 11621
points_pos_y_20: 2044
points_ver_x_20: 720
points_ver_y_20: 585
points_pos_x_21: 14308
points_pos_y_21: 2362
points_ver_x_21: 1200
points_ver_y_21: 585
points_pos_x_22: 7911
points_pos_y_22: 1276
points_ver_x_22: 60
points_ver_y_22: 675
points_pos_x_23: 12242
points_pos_y_23: 2618
points_ver_x_23: 840
points_ver_y_23: 675
points_pos_x_24: 13625
points_pos_y_24: 2828
points_ver_x_24: 1080
points_ver_y_24: 675
points_pos_x_25: 15696
points_pos_y_25: 2713
points_ver_x_25: 1440
points_ver_y_25: 675
points_pos_x_26: 17882
points_pos_y_26: 2402
points_ver_x_26: 1800
points_ver_y_26: 675
points_pos_x_27: 18190
points_pos_y_27: 2348
points_ver_x_27: 1860
points_ver_y_27: 675
points_pos_x_28: 0
points_pos_y_28: 0
points_ver_x_28: 1860
points_ver_y_28: 675
points_pos_x_29: 8040
points_pos_y_29: 1827
points_ver_x_29: 120
points_ver_y_29: 765
points_pos_x_30: 8671
points_pos_y_30: 2092
points_ver_x_30: 240
points_ver_y_30: 765
points_pos_x_31: 11476
points_pos_y_31: 2951
points_ver_x_31: 720
points_ver_y_31: 765
points_pos_x_32: 13722
points_pos_y_32: 3158
points_ver_x_32: 1080
points_ver_y_32: 765
points_pos_x_33: 16580
points_pos_y_33: 3074
points_ver_x_33: 1560
points_ver_y_33: 765
points_pos_x_34: 17347
points_pos_y_34: 2961
points_ver_x_34: 1680
points_ver_y_34: 765
points_pos_x_35: 18340
points_pos_y_35: 2722
points_ver_x_35: 1860
points_ver_y_35: 765
points_pos_x_36: 7516
points_pos_y_36: 2128
points_ver_x_36: 60
points_ver_y_36: 855
points_pos_x_37: 8471
points_pos_y_37: 2526
points_ver_x_37: 240
points_ver_y_37: 855
points_pos_x_38: 9202
points_pos_y_38: 2799
points_ver_x_38: 360
points_ver_y_38: 855
points_pos_x_39: 11349
points_pos_y_39: 3448
points_ver_x_39: 720
points_ver_y_39: 855
points_pos_x_40: 12170
points_pos_y_40: 3584
points_ver_x_40: 840
points_ver_y_40: 855
points_pos_x_41: 12874
points_pos_y_41: 3591
points_ver_x_41: 960
points_ver_y_41: 855
points_pos_x_42: 13667
points_pos_y_42: 3625
points_ver_x_42: 1080
points_ver_y_42: 855
points_pos_x_43: 14404
points_pos_y_43: 3659
points_ver_x_43: 1200
points_ver_y_43: 855
points_pos_x_44: 15213
points_pos_y_44: 3632
points_ver_x_44: 1320
points_ver_y_44: 855
points_pos_x_45: 8915
points_pos_y_45: 3232
points_ver_x_45: 360
points_ver_y_45: 945
points_pos_x_46: 10431
points_pos_y_46: 3690
points_ver_x_46: 600
points_ver_y_46: 945
points_pos_x_47: 12036
points_pos_y_47: 4043
points_ver_x_47: 840
points_ver_y_47: 945
points_pos_x_48: 12905
points_pos_y_48: 4091
points_ver_x_48: 960
points_ver_y_48: 945
points_pos_x_49: 15377
points_pos_y_49: 4033
points_ver_x_49: 1320
points_ver_y_49: 945
points_pos_x_50: 16185
points_pos_y_50: 4048
points_ver_x_50: 1440
points_ver_y_50: 945
points_pos_x_51: 17035
points_pos_y_51: 3865
points_ver_x_51: 1560
points_ver_y_51: 945
points_pos_x_52: 18371
points_pos_y_52: 3624
points_ver_x_52: 1800
points_ver_y_52: 945
points_pos_x_53: 18723
points_pos_y_53: 3497
points_ver_x_53: 1860
points_ver_y_53: 945
points_pos_x_54: 8000
points_pos_y_54: 3325
points_ver_x_54: 240
points_ver_y_54: 1035
points_pos_x_55: 10255
points_pos_y_55: 4109
points_ver_x_55: 600
points_ver_y_55: 1035
points_pos_x_56: 11151
points_pos_y_56: 4249
points_ver_x_56: 720
points_ver_y_56: 1035
points_pos_x_57: 11974
points_pos_y_57: 4386
points_ver_x_57: 840
points_ver_y_57: 1035
points_pos_x_58: 13692
points_pos_y_58: 4540
points_ver_x_58: 1080
points_ver_y_58: 1035
points_pos_x_59: 14554
points_pos_y_59: 4556
points_ver_x_59: 1200
points_ver_y_59: 1035
points_pos_x_60: 15485
points_pos_y_60: 4511
points_ver_x_60: 1320
points_ver_y_60: 1035
points_pos_x_61: 16284
points_pos_y_61: 4393
points_ver_x_61: 1440
points_ver_y_61: 1035
points_pos_x_62: 17141
points_pos_y_62: 4366
points_ver_x_62: 1560
points_ver_y_62: 1035
points_pos_x_63: 17895
points_pos_y_63: 4165
points_ver_x_63: 1680
points_ver_y_63: 1035
points_pos_x_64: 18633
points_pos_y_64: 3966
points_ver_x_64: 1800
points_ver_y_64: 1035
points_pos_x_65: 0
points_pos_y_65: 0
points_ver_x_65: 1860
points_ver_y_65: 1035
